0 74.25061147946579 110.14385377690638 503.59617389165436 309.8974760220601 81.41153959127571 148.8592040838575 489.6134501237135 281.01711562046637 99.41639359180748 149.22243484378566 502.0510128828195 287.8214060343229 
1 22.709972537480887 134.65895865795883 527.174219259849 300.0537707255437 80.64524389230286 147.09954876871504 488.8148917601659 284.4080169384296 98.9673887766325 146.5138443775431 504.2276804263775 293.89007930572217 
2 80.93854276033547 115.6424906461902 492.0010530948639 302.6552905027683 23.103126975206223 136.68251486748636 527.364666553644 297.4849400612024 82.58751772917236 147.9157656730985 488.30087560873767 283.565835081614 98.73077250443973 149.24531883212944 503.41797159268305 288.32611427857324 
3 78.43740293612846 114.47589939162577 495.15478913600634 304.1129603752723 25.829991927513696 136.49813039768378 522.0879972898043 296.8060244046725 81.21881599609665 146.90856413904731 488.4976848272177 284.9146981881215 98.6217377277521 148.24427764443956 504.51967908785895 290.1067292690277 
4 76.19203021893135 115.85485344455088 498.92467416249787 302.5897553333869 26.664083508344802 137.07581405279907 520.5987938550802 295.3649905553231 78.80084230349617 147.94872899027266 492.17976845227753 282.35788492056037 95.98579819385822 147.89988544565685 508.8403494541462 290.0904519741352 
5 77.34016973238724 113.7342639911104 497.4180609446306 306.1743250718484 22.229284827525788 136.1316572914462 528.5146699501918 298.74988317489624 81.07764404553632 149.00789722359391 490.56024817320014 280.91963121524225 96.95487971489246 149.16116445551256 507.05815544495215 288.9617359179717 
6 26.04327522791351 136.09512388529862 521.3079432340769 298.6241264985158 82.10350522628192 147.88592176500865 486.84012981561517 283.21011116871466 96.4720625602282 147.67465492148372 508.2643900467799 292.3249478982045 
7 78.3383364860828 111.95939477378798 493.8539807613079 308.5929382764376 25.44028337185196 137.66560403023954 521.4136332731981 295.1203378805747 80.46552763535423 148.07771621547508 487.3022586565752 281.9327695094622 95.57458304441894 148.9426876648643 510.86313366889954 289.0430775514016 
8 25.300801900716934 137.0548703331919 522.655918781574 296.46173495512744 80.24257577382599 148.51576633883656 490.4043126106262 281.3537820944419 97.15047602470105 148.73676395627876 506.7030505950634 289.2995009972499 
9 80.87995451230273 115.99661114829534 490.03665493084833 301.95545650445496 27.627596488365782 136.08112247914252 518.4079316946177 296.99657637339374 82.05221905158119 147.51217278855793 486.0794009612157 283.26300116685724 97.2288839633648 148.66728167562093 506.8341541290283 288.4899858328012 
10 82.37406693972076 115.0350254615383 487.4791270035963 303.70201473052686 24.628466872068557 135.4433270124994 524.6807552300967 299.208584519533 82.5168791642556 147.3506668051319 486.0326784390669 284.0835472253653 98.64131138874936 148.52771733110475 503.5734283007108 289.28723697478955 
11 26.335922846427344 137.3899180596397 520.3243759962229 296.33355686297784 80.76269305669342 149.20602154978636 488.31801176071167 281.2296172747245 96.06828795029568 148.9575759881347 509.37006519390985 289.41328511788294 
12 75.88595775457532 114.79439768212787 501.28614535698523 302.73898629041815 21.842999825110816 134.84187031991385 529.6826303922213 299.86664909582873 81.39858630987317 147.87545626685466 490.0973668465247 282.71742032124445 100.3391284667529 148.65693563892995 499.40188692166254 289.1699104125683 
13 25.348358566944427 135.79414688447525 522.3704872681544 299.11876793091113 80.98777711391449 147.8857359360661 490.1563685673933 283.3674583526758 96.59410467514626 148.1148608531472 507.8737473487854 291.6199123400908 
14 25.021297931671143 136.74878406806812 522.8811172338633 297.21838254194995 80.33512468521408 147.9388447061798 489.1586409165309 282.7802874491765 96.55985346207257 148.21589691575463 509.5188179382911 290.78896316198205 
15 78.52944117326001 112.2787601743224 492.57140306326056 308.09784843371466 22.816600432762755 134.874152562322 526.8409706996038 300.4018716628735 81.34312936892876 146.3790502068559 486.6965760634496 286.09099058004523 97.51881640691025 147.16484917338784 506.94754004478455 293.0232797219203 
16 23.608471292715834 136.80298993044352 525.2711144777445 297.7812944467251 81.04994246592888 149.32963631033192 491.7313211697798 281.1486792105895 97.75693512879886 149.89483424545037 505.0434775535877 288.17659185482904 
17 24.06426603977497 136.54582791427183 524.2084336280823 298.7737834453583 80.4134633449408 148.23116896949577 490.9874548361852 283.64897035635437 98.69875678649315 148.19773285875655 503.7309714464041 291.8976576970174 
18 80.6130117177963 115.02825281500111 490.9055707087884 303.95034436996167 24.64443963307602 134.8914781882918 524.0173364602603 299.570586177019 81.23368015656109 146.12709834730836 487.4207751567547 285.3117431127108 97.16372196490944 146.96305455364416 507.6739281874437 292.01729357242584 
19 24.260386274411125 138.91357329999204 524.1653025150299 292.47843875334814 79.4020519348291 148.9280189758927 491.1008749558375 280.79403148247644 97.70348507624408 149.31694495431063 506.1614661033337 287.7643009791007 
20 21.443230005410996 134.89596600539588 529.5155785633967 300.181814294595 80.0408738851547 147.36366795364924 492.57855167755713 283.7531584959764 99.38284608033985 147.49954374231527 502.922664972452 292.44787958952094 
21 27.3484378136121 136.4437684169888 518.2664985840138 297.284724849921 82.31852228824906 147.00126210789708 487.11417143161486 284.25670087337494 97.40506506883182 147.7941715417529 506.6470930209527 291.5135494103799 
22 77.58682567339679 111.91021867228683 496.39919528594385 309.4794230736219 22.647700355603142 136.24217056134754 527.312813447072 297.83097831102515 79.16551466171558 147.8610210993586 492.14368334183325 282.7970804159458 97.87798441373383 148.87576386773372 505.50731658935547 288.81194444803094 
23 80.07007543857281 117.30951312201971 492.89606644557074 300.4597390156526 24.28712537655464 135.9230029565343 525.1810898230626 298.9749178978113 81.21427627710197 146.7509826400576 488.8791608810425 285.11901635390063 98.43448056624489 148.98038948252355 504.4418994280008 288.45498740673065 
24 27.75849892542915 136.29603977210422 518.262633543748 297.26508447757135 80.3104064097771 146.74349088640605 487.4434865438021 286.198340012477 97.80266555456012 147.55616964496804 506.1648864929493 292.1563904560529 
25 75.15950647684242 110.79114935278184 501.67713009394134 309.7161837266042 22.874132486490097 137.2066627310578 527.0326493336604 296.8038720350999 77.68496678425717 146.6912466816648 497.37814499781683 286.7160745767447 93.2811703131749 147.49190316045076 515.3115897912245 292.8121681396778 
26 82.32294582403625 108.67584130644093 481.86253941976105 315.08894659005676 33.23721757301918 137.32842711125605 504.131362254803 295.39463047797864 84.23598330754501 146.84695799322526 481.9414820120885 286.2976629000444 93.880886389659 146.23838419392263 517.16174694208 296.7458925797389 
27 81.08047792544727 111.92654431571623 484.5015068237598 310.1330035466414 31.633582894618684 136.93138541907248 507.94246297616223 295.36245703697205 80.54649641880619 146.60758122360915 488.3166094009693 286.5271817262356 94.54388994436997 145.44337042690032 515.3680946276738 296.8449464211097 
28 83.99987275783832 113.49229813327452 480.0920431430523 307.3572090955881 30.77790053991169 137.37216128576438 509.5934850435991 294.5550718215796 80.07745486039383 146.96732941287507 488.5014130518987 286.0710138999499 97.61293883507068 144.43368784951036 510.16469010939966 298.10719907283783 
29 76.52732294339401 112.6682924377848 498.25352531213025 307.89198325230524 32.18709675165325 133.74205981133252 506.4589715920962 301.18380959217365 80.99065977793472 146.7757720284208 489.64221560038055 286.3895421761733 85.2412858376136 142.46939319125292 533.8371724348802 302.0970869064331 
30 77.95108162439786 110.21564310118998 491.9703037922199 312.2820997238159 28.333392555897063 136.82172983708466 513.4263052390172 294.6610536025121 79.59415903458233 146.32533278161958 492.48089955403253 287.0951382471965 89.63777959346774 143.00115323278325 524.180489044923 301.32218901927655 
31 83.2409412585772 107.41452825316313 478.75689405661365 317.25378196973065 33.79343968171337 137.4506319927041 503.98496957925653 294.9570268392563 82.98021211073952 146.74522833887642 482.58670430917005 286.9357732167611 94.15906699804161 143.9213019538913 517.9879420537214 300.95440286856433 
32 83.02288004985226 109.97838032492521 481.09828756405756 313.6020179436757 34.28239107131958 136.2118483259833 503.2869364665105 295.7854873400468 80.90854447621567 145.5652832596965 487.5373762387495 288.29891819220325 91.08612899596875 144.0089963649857 522.5333662216481 297.78232579047864 
33 101.6978061199188 142.92445220185454 462.95062376902655 295.3017871196453 108.08738254583798 142.52862283111324 495.6283762821784 304.787683395239 
34 99.45179934685046 144.39499674640464 467.8812864193549 296.9987287429663 106.04359791829037 146.60567248537694 497.85809406867395 301.16410195827484 
35 99.08015617957481 142.8747626980381 468.8396453857422 297.57733500920807 105.5247277479905 144.97443225962166 500.09106122530426 301.5819531220656 
36 98.90044776292946 144.62726057281154 466.9800821634439 292.32349056463977 109.8035453833067 147.15480636386476 488.1631365189185 296.51592534322003 
37 92.61572493956638 143.73297811259883 476.9024272148426 292.9315798099224 104.12113932462842 141.92668884287218 501.5311136612525 305.05303020660693 
38 84.42629598654233 105.84423111740657 480.99006643662085 320.01556359804596 34.35607795531933 134.98925743018384 502.46197269513056 299.4056384380047 83.84746739497555 146.22536176231483 487.54818466993476 287.80855907843664 96.28510140455685 146.57223778716204 512.9146833603199 295.08273867460395 
39 82.76032567024234 106.05668683023849 484.0972509750953 320.43258520273065 32.035513290992164 136.56641187399802 508.1366384946383 295.6015494236579 83.38119328022003 147.108422066333 488.35649114388684 285.9748523051922 94.10171114481415 147.3447718228814 516.2089632107661 293.8292748652972 
40 84.2352778177995 104.00985496107643 482.8504505524268 323.59883294655725 25.35423118334549 134.86590979014628 520.1112515192766 300.2487843770247 83.33007688705734 144.80095643968977 492.46437907218933 292.16614338067865 95.53726677711197 145.84901864006676 512.2915567801549 297.9725190309378 
41 82.7566244969001 102.71654769337387 485.0627585557791 325.2082672944436 24.26549379642193 134.2137477242735 521.4951753616333 300.95471675579364 81.84312935058891 145.17356478956322 494.7496097821455 290.20058155059814 95.69705834755531 145.18354449575472 512.3638296127319 298.13145807156195 
42 81.8235419805233 104.46422625751889 486.5836347983434 322.56556102862726 29.111889463204612 135.39470544051844 512.4376074167399 297.55767221634204 83.78673470937287 145.8267446505953 489.638145336738 288.3656192284364 96.885166993508 145.09602614761104 511.2652688760023 298.0028764101175 
43 32.3787866647427 134.2304774871945 506.51239807789136 300.742775614445 86.95425019814422 144.95794943451176 483.6482564302591 291.3598567705888 95.99787547038154 143.76269702022594 513.8614130020142 301.2124181710757 
44 30.059613081125107 135.05734523725232 510.82588562598596 298.69154499127313 86.31774219182823 144.41903380952644 483.91018986701965 291.606796338008 94.4789383503107 142.70106081073806 518.0616856538333 303.0969074139228 
45 27.841490919773406 134.4182442225648 515.0082354362194 301.29988060547754 85.0711068740258 144.90791371940858 490.39945565737213 291.84315342169543 96.30468405210055 145.12985258589126 511.05354675879846 299.9771598210702 
46 82.72926486455478 110.30421535115272 485.6769237151513 312.3001033984698 28.09046983718872 135.50790463326248 515.419742510869 298.04870394560004 82.86935334022232 145.64422610419743 490.8903157711029 288.89111129137183 90.30500888824466 144.50652082819911 523.4621730217567 299.22414435790137 
47 31.146959249789923 135.48934237138758 509.5211438032297 298.73109478216907 83.96103019897754 145.63402084909248 488.3937049829043 289.8080431498014 96.27460007484139 145.42631866134832 511.49747912700366 297.6957377562156 
48 84.62186542841103 108.60378121659602 481.0835114809183 315.68847119808197 33.13229267413799 135.08022695603458 504.6059755178598 297.4240235181955 85.47642166797935 144.70249804872032 484.281678383167 289.49787772618805 94.01306299062874 144.81809970718868 517.6707693246694 297.00908702153424 
49 84.9638108565257 107.18606016515983 480.38712015518774 317.7725030367191 30.36575321967785 135.37198059657624 510.02999516633844 297.4920922059279 84.92482410027428 145.33903562811 485.46667236548205 289.0986580115098 93.36891321035534 143.54123410564907 517.7780327430138 300.30961123796607 
50 31.121746301651 137.0868772021412 509.13422932991614 296.03439991290753 84.10490366128776 146.67657231614436 488.998327255249 287.340329014338 94.08376987163834 144.8371853436944 516.8099256662222 299.4114453517474 
51 80.33516952624687 108.30617967265597 490.1915301726415 315.1551767954459 30.238241782555235 136.91112717580518 508.5692493732159 296.3679723556225 85.61915443493767 147.0520685798318 486.231026832874 286.49155552570636 87.84546783337223 142.50543595947454 530.38651237121 303.6486539015403 
52 28.721111370966987 135.2157151681432 511.8399627392109 300.6706263927313 88.31795036792758 145.76066519910768 483.91025827481195 289.59471193643714 92.25746663717125 143.68290969253292 520.7550372527196 301.51267372644867 
53 87.72218163196857 148.59683363042643 484.59197612909173 285.1225587954888 97.08204718736503 146.88610156435942 512.0484012823839 295.80035214240735 
54 88.90344280463 149.68501820719453 486.4396705994239 287.4155498467959 98.81377504422112 148.23726139830413 506.39039278030396 298.5958093863267 
55 88.52711640871487 149.20981962652598 484.5512734926664 287.27161013163055 98.22548215205856 148.39174549607836 509.60651672803436 296.7947693054493 
56 42.11972452127018 136.88278097196445 486.63979759583106 298.2099298788951 90.23583265451286 149.59354862129896 480.0590705871582 284.95675907685205 97.3241621714372 148.21792576616332 512.6871932469882 295.45772181107446 
57 89.76969521779282 149.02725176874705 481.623112146671 286.56305455244507 97.0594931107301 146.59494543745672 512.6078744118031 298.58166204049036 
58 85.69732491786664 148.04592124103795 490.9298212711628 286.8290739793044 96.35643761891583 146.22772261941222 514.2043754687676 297.73405441871057 
59 88.64002383672275 148.19170335869816 484.8822987996615 287.503146804296 98.80944141974815 146.43954416174861 509.2437502054068 298.84644833894873 
60 39.747730172597464 135.24814837077665 490.7487800488105 302.48935626103327 91.70872422365044 147.04486010871696 479.74336862564087 289.83559796443353 98.44918044713829 144.96463958328295 508.7797059462621 302.7473715635446 
61 40.85476315938507 134.48624021555545 488.8892168265123 302.61145839324365 88.19210277153897 146.64750040282868 482.52075919738184 289.6527586533473 97.97023241336525 144.339793271567 510.9483355742235 302.5834327477675 
62 40.94305643668541 135.9892468480669 489.39632379091705 300.967272244967 87.99171177240517 148.01321328391688 484.5257915900304 288.68715185385486 96.8987982089703 145.76364110736455 512.9175222837008 300.7429998196088 
63 91.0408092920597 147.11068839540144 479.5461831643031 288.6982500094634 99.87996605726391 145.10100288327627 507.25999263616706 300.56399441682373 
64 36.70670591867889 136.677682627235 497.9596796402564 297.61879054399634 86.60242942663338 148.59938578669139 485.73103427886963 285.715020940854 98.0809813737869 145.82758442008281 510.349049109679 298.9308840036392 
65 35.42055061230293 136.9717249485868 499.6905678052168 297.5248485803604 87.85618314376244 147.0912737412566 483.9002365332384 288.8141640791526 100.64581375855667 145.56510557789773 504.7776790765616 300.079868206611 
66 36.42403863943539 136.18841957411118 497.1942306481875 299.62594243196344 87.68048048019409 148.2822202101967 484.4504404067993 286.462162228731 99.67344407851883 146.70988469610555 506.33700049840485 297.17271195008203 
67 36.8876568170694 135.7109334818005 495.63545648868273 301.2953516611686 89.78617512262787 147.5421212340248 482.32562596981336 289.3361361210163 97.07555798383858 145.08973334138912 512.3082140775828 301.4027459346331 
68 38.931768215619584 134.3122250970299 493.09834828743567 302.3108441096086 88.69306449706734 146.66026042763298 481.3190395098467 288.9670047393212 101.43993904957401 144.64973352717223 503.7968823542962 301.54011643849884 
69 39.850462170747605 134.67035859646887 491.3732063770294 303.7201080872462 89.47949560788963 146.81016001122944 481.00374799508313 291.24066930550794 96.0635520403202 143.33394549654784 513.9718573827009 305.08246834461505 
70 33.13760959185089 135.7428979856023 502.85870368664075 298.90200637854065 89.48233127593997 148.1630985623986 482.5898852715125 285.43173771638135 98.99223263447101 146.02986280029342 507.41473106237555 296.6437895481403 
71 35.704147586455726 136.43384197407224 498.25160989394556 297.8622549313765 87.58751461139092 148.52208644857066 484.6710213331076 285.53386316849634 100.16952244135052 146.56692013585354 506.2422557060535 296.8378166969006 
72 36.41941478619209 135.99076298390622 497.4366678641393 299.41184892104224 88.00732699724342 147.69228009782603 484.6996157902937 287.2929096221924 99.94961422223312 145.68789353032082 506.6418256209447 298.80620351204504 
73 34.44704422583946 137.19524690561747 501.86419120201697 299.657353575413 87.4724471110564 148.988747695494 487.0032481963818 286.3173481134268 97.45791682830223 146.5644185976869 511.04349081332873 298.7083827990752 
74 91.83481303545143 144.87985341153907 483.46444469231824 290.09892692932715 99.40646015680755 142.79315672682586 510.0127221987798 301.9838184576768 
75 93.85516927792473 147.29755775991984 478.65978919542755 289.85783911668335 98.13442216469693 147.42440702118108 513.8768389591804 298.42664659023285 
76 49.91877908890064 116.6811535291418 558.3834958993472 303.40032426210547 71.9716988618557 117.70408783262295 564.471994638443 306.53780648341547 6.369336384993325 145.78200612900528 543.9633042995747 278.85844588279724 49.28990066051483 155.97191201511924 551.3081463483663 265.2631828418145 80.37530243396762 159.018052671788 552.2135234796084 264.49281389896686 186.4259386062622 319.0880444945669 249.0142404116117 88.1935206743387 
77 45.22321769824394 120.52010734053052 569.6381511138036 297.41527951680695 67.47406831154453 123.91121467013329 578.3078468762911 296.24912119828736 15.01977292390972 148.90661560395768 527.6672342190376 272.21414827383484 52.290039520997276 156.83251349530985 549.1196784606346 263.74118850781366 76.08765038160175 156.14354983413008 565.6842491259941 270.16168452226196 190.99326830643875 315.4924573418657 248.3146572113037 74.31822648415199 
78 43.64905545344719 122.76826740016597 571.2579792279463 293.0644886310284 63.06288489928612 126.02828485902245 587.0355182427626 291.38893618033484 15.437519962971038 149.18593576144892 527.7012328918163 273.06689019386585 47.10361980474911 157.04088791763994 556.413898743116 264.2390360740515 73.19033897840058 157.26413680251534 573.0855960112352 268.8157136623676 190.04210435427154 308.86799721322825 261.4252259181096 75.76374732531035 194.1027567936824 315.2929815949773 250.91652209942157 73.18719258675209 
79 42.7555456528297 124.65038061847352 574.8029052294218 289.8205986389747 66.02675584646374 128.4205599402535 581.4722545330342 287.5228095971621 13.06544377253605 150.32328000259122 532.1775993934044 270.07227150293494 48.145194374598006 158.9257406341959 556.7703717488508 261.19883647331824 76.8040428253321 160.12322195888268 567.5069063443403 263.28412386087274 193.2470516058115 309.0319786692512 253.00699600806604 76.25300700847919 194.2233243355384 314.9416688842886 247.21047988304724 74.54709731615507 
80 46.77656237895668 121.65036889928332 566.7386526327867 296.26936692457934 70.81688885505386 125.93174741112976 573.2809344621805 293.65226488847 11.748207165644722 149.1808716820542 535.8023914924034 270.2679801904238 51.26250198254219 157.94549041774852 551.5004406525538 260.41907333410705 78.03681589089905 158.68859012980434 565.7870660378383 263.654622894067 195.08759058438812 308.4686560426238 249.61177092332107 78.13744040635916 193.81086532886212 315.5081466140126 248.9139960362361 73.88013096956107 
81 47.03598953210388 123.46604971490667 564.2603409290314 292.3699010335482 69.14714180506192 126.3287891033133 574.5669667537395 292.46153368399695 11.903051963219298 148.62442500139835 537.6157452509954 271.7826205950517 49.77872885190525 158.30479624885075 550.2194705376259 260.1092666387558 76.06840404180377 159.12952039545104 567.5466512716733 264.29598418565894 194.20991127307602 308.9655986728048 253.83843715374286 76.99808753453767 193.6602860230666 315.01363654108445 251.07478141784668 74.7562601016118 
82 46.800087644503705 122.7849636698616 565.0133054990034 293.7679547529954 67.79656419387234 124.21034025899053 577.7811752832853 295.8357317172564 14.122973084449768 148.28598448687052 531.4877410118397 274.842953819495 52.380721798309935 157.95611107137785 547.7593553066254 264.85418778199414 76.3494727703241 157.44732989009316 568.1210030959203 269.97158096386835 198.72091733492337 308.0875309226076 247.05779442420373 77.3342137153332 
83 94.04478224424217 151.22113223964647 477.43723933513354 272.15883685992316 114.12215264943927 143.65488308421254 482.5585887065301 288.5313292650076 
84 0 136.79325928878507 569.9242307131107 297.4339109659195 87.1260128571437 155.73303633716685 483.1098529008719 274.4013144878241 130.21154940128326 145.7668236515226 461.1396300792694 297.1800882999714 157.8061535725227 209.37229816201167 121.20812214337862 172.28337503396548 164.1161639873798 208.94265852559957 118.51150402655968 173.50605822526492 
85 0.3577969624446098 137.22643019885004 568.2659934117244 299.0620664449838 78.88787526350751 157.87213433952724 497.1558196728046 269.4843158813623 131.83792485640598 145.1180997649593 454.99017999722406 298.7586271762848 156.41693436182464 199.29951481565215 122.32908634039072 161.26127022963303 166.20131199176495 197.04489225642925 114.49645776015062 166.40091653053577 156.69482432878934 206.51705894949873 122.0293899682852 165.50231034939105 163.12642271702103 203.94970450528277 119.52154691402728 173.26729306807886 
86 75.94320379770718 160.74931333403617 503.0005130401025 266.6328970285562 133.21213515905237 147.0351418782268 456.7487391141745 295.8002624603418 155.65834201299228 199.24295459273299 122.0355252119211 162.10116313054013 155.26053190231323 206.8996177446207 122.74527659782997 167.8704508451315 164.8327687153449 204.6518304855866 116.4127204968379 174.90795850753784 
87 79.96799207650699 157.88313208423426 499.0131254379566 271.14841144818524 135.55390247931848 146.4028556689003 447.52842903137207 296.8191852477881 154.2701508448674 196.7964125772905 121.5477679325984 167.04129558343155 152.85127052894006 207.8265309968644 123.58055701622597 168.50426618869488 166.82270169258118 205.4447252387126 112.37723423884464 174.59779459696549 
88 77.32793592489685 159.5184171499585 503.7173240918379 269.8007590495623 136.3358975373782 148.22390523535262 450.48631356312677 294.57585564026465 154.33548532999478 194.3570362551678 123.33515809132504 171.7882651090622 152.19987520804773 207.00853723217045 126.88196732447696 171.71081006526947 164.48526905133173 205.70345813529735 116.97859122202945 175.53475182790024 153.12024254065292 218.95131420101637 125.45998665002676 168.33645783937894 
89 110.42331388363472 146.33725059279325 448.7843618943141 290.6754256670292 121.38144213419696 146.37084343553295 475.53461340757514 298.418709727434 
90 81.05028941081123 146.4062882457259 501.7751242564275 287.00431273533746 109.47099282191348 146.16946868466204 487.1370880420391 292.51171079965735 
91 83.50968356315906 144.59648635084108 495.4436068351452 290.6981600706394 108.07033149095685 143.34772111572454 489.7768421356495 298.0984102304165 
92 60.858321006481475 114.01487972433046 529.0066245885996 303.7005349764457 83.57263358739704 145.5172107840431 493.3217339332287 290.8207330336938 105.15693880044495 145.24684971782585 497.38091551340545 297.43162407324866 
93 80.35470178494087 149.0992711440346 509.1750345780299 286.5439522724885 96.66045042184685 148.51454011963665 513.5619236872747 294.721970145519 